   6.8399857710657624e-02   9.9076812195022956e+00
   6.9082550896070335e-02   9.8076838533987303e+00
   6.9779008435740794e-02   9.7076865946239668e+00
   7.0489650798628664e-02   9.6076894486981335e+00
   7.1214915752970911e-02   9.5076924214935694e+00
   7.1955259265196719e-02   9.4076955192346592e+00
   7.2711156454990142e-02   9.3076987485630713e+00
   7.3483102611633988e-02   9.2077021165380959e+00
   7.4271614275391917e-02   9.1077056306848068e+00
   7.5077230389540145e-02   9.0077092990019541e+00
   7.5900513527465421e-02   8.9077131300539705e+00
   7.6742051202089809e-02   8.8077171329713533e+00
   7.7602457262990948e-02   8.7077213174914760e+00
   7.8482373388334137e-02   8.6077256940182814e+00
   7.9382470679131498e-02   8.5077302737107967e+00
   8.0303451365142220e-02   8.4077350684876357e+00
   8.1246050629970229e-02   8.3077400911244972e+00
   8.2211038566442282e-02   8.2077453553153550e+00
   8.3199222272616447e-02   8.1077508757616581e+00
   8.4211448100880687e-02   8.0077566682370005e+00
   8.5248604072394263e-02   7.9077627497205443e+00
   8.6311622472836580e-02   7.8077691384471777e+00
   8.7401482643431450e-02   7.7077758540687205e+00
   8.8519213986376771e-02   7.6077829177673486e+00
   8.9665899203490759e-02   7.5077903523789917e+00
   9.0842677788870008e-02   7.4077981825754007e+00
   9.2050749800206902e-02   7.3078064350164249e+00
   9.3291379934229174e-02   7.2078151385365015e+00
   9.4565901935024010e-02   7.1078243243858328e+00
   9.5875723368434404e-02   7.0078340264471262e+00
   9.7222330797808246e-02   6.9078442814784058e+00
   9.8607295400032269e-02   6.8078551294527747e+00
   1.0003227906848752e-01   6.7078666138342715e+00
   1.0149904105027580e-01   6.6078787819664955e+00
   1.0300944517453330e-01   6.5078916854802369e+00
   1.0456546773289777e-01   6.4079053808004938e+00
   1.0616920608492858e-01   6.3079199295607253e+00
   1.0782288806192128e-01   6.2079353992580266e+00
   1.0952888226036249e-01   6.1079518639483190e+00
   1.1128970932612745e-01   6.0079694049050127e+00
   1.1310805433801879e-01   5.9079881114850226e+00
   1.1498678041937642e-01   5.8080080821100024e+00
   1.1692894372296515e-01   5.7080294253265800e+00
   1.1893780995084048e-01   5.6080522610771091e+00
   1.2101687259790217e-01   5.5080767220827829e+00
   1.2316987312990224e-01   5.4081029554628417e+00
   1.2540082333867680e-01   5.3081311246297203e+00
   1.2771403015529320e-01   5.2081614113894421e+00
   1.3011412323811297e-01   5.1081940184164898e+00
   1.3260608570501348e-01   5.0082291720909149e+00
   1.3519528843443196e-01   4.9082671257508590e+00
   1.3788752842048910e-01   4.8083081636442886e+00
   1.4068907175838807e-01   4.7083526053683125e+00
   1.4360670192229572e-01   4.6084008109026628e+00
   1.4664777409247901e-01   4.5084531868622584e+00
   1.4982027644100138e-01   4.4085101937699775e+00
   1.5313289943689520e-01   4.3085723543944079e+00
   1.5659511439817272e-01   4.2086402638231926e+00
   1.6021726275643147e-01   4.1087146014380211e+00
   1.6401065776646595e-01   4.0087961450722602e+00
   1.6798770070304239e-01   3.9088857880743961e+00
   1.7216201398769745e-01   3.8089845597920320e+00
   1.7654859416747609e-01   3.7090936500511673e+00
   1.8116398819813803e-01   3.6092144394702603e+00
   1.8602649728889523e-01   3.5093485353829998e+00
   1.9115641327794386e-01   3.4094978169425598e+00
   1.9657629374184923e-01   3.3096644896038496e+00
   2.0231128321639069e-01   3.2098511527871416e+00
   2.0838948956594225e-01   3.1100608842540312e+00
   2.1484242659017538e-01   3.0102973450515078e+00
   2.2170553634405368e-01   2.9105649119785020e+00
   2.2901880786494991e-01   2.8108688442710048e+00
   2.3682751263509147e-01   2.7112154966993467e+00
   2.4518308203703723e-01   2.6116125917020643e+00
   2.5414415765081710e-01   2.5120695710837504e+00
   2.6377785247421809e-01   2.4125980521343537e+00
   2.7416126934745866e-01   2.3132124252107209e+00
   2.8538333291413326e-01   2.2139306398800067e+00
   2.9754700176024151e-01   2.1147752499202208e+00
   3.1077193857119861e-01   2.0157748082068028e+00
   3.2519772365191402e-01   1.9169657449528514e+00
   3.4098769821333541e-01   1.8183949084341018e+00
   3.5833350645215717e-01   1.7201230194884083e+00
   3.7746035272626111e-01   1.6222293786841127e+00
   3.9863287305501460e-01   1.5248182737215061e+00
   4.2216123927947935e-01   1.4280276457367225e+00
   4.4840674024863525e-01   1.3320406453907296e+00
   4.7778513424489383e-01   1.2371005921979921e+00
   5.1076492829641851e-01   1.1435293314788564e+00
   5.4785592774858072e-01   1.0517475773961227e+00
   5.8958175612788744e-01   9.6229289533150519e-01
   6.2738293552341717e-01   8.9151885030070399e-01
   6.5890855510230462e-01   8.3870036892563549e-01
   6.8465589614014200e-01   7.9916865065403786e-01
   7.0535954839581294e-01   7.6947244285018246e-01
   7.2181837628732515e-01   7.4707909301659114e-01
   7.3479355601995300e-01   7.3013195111102613e-01
   7.4495966150137971e-01   7.1726584534829041e-01
   7.5288871069037078e-01   7.0747185874078478e-01
   7.5905210774602594e-01   7.0000000000000129e-01
   7.5905210774602594e-01   7.0000000000000129e-01
   7.6527100884915644e-01   6.9258270377953801e-01
   7.7343811873396340e-01   6.8302275171026450e-01
   7.8419373838279594e-01   6.7073628319599354e-01
   7.9840713589729695e-01   6.5500705596632958e-01
   8.1726814281515581e-01   6.3497821785770303e-01
   8.4241806742660130e-01   6.0966454006584370e-01
   8.7613383293903890e-01   5.7800616464118504e-01
   9.2157660103553252e-01   5.3899607190645338e-01
   9.8310025701066739e-01   4.9191858236823044e-01
   1.0617184772804309e+00   4.3968653485989190e-01
   1.1431224696132036e+00   3.9315884000363438e-01
   1.2266386216602052e+00   3.5182680812765404e-01
   1.3117031672538593e+00   3.1512527729205947e-01
   1.3978605188011868e+00   2.8249372351686614e-01
   1.4847472347725903e+00   2.5341199605405118e-01
   1.5720713902822010e+00   2.2741676427359472e-01
   1.6595923691412402e+00   2.0410578409757624e-01
   1.7471030356061417e+00   1.8313550615651877e-01
   1.8344149480347549e+00   1.6421554912559908e-01
   1.9213472086583339e+00   1.4710197750904289e-01
   2.0077201049193771e+00   1.3159029630969538e-01
   2.0933552364432666e+00   1.1750853238282698e-01
   2.1780834345266427e+00   1.0471063211000615e-01
   2.2617599420379100e+00   9.3070520162330778e-02
   2.3442833819510174e+00   8.2477332480104831e-02
   2.4256129567043061e+00   7.2832284300292524e-02
   2.5057795052135323e+00   6.4047226074272531e-02
   2.5848904881176611e+00   5.6044408205725781e-02
   2.6631335312297657e+00   4.8756734073466555e-02
   2.7407802137853912e+00   4.2128351224660798e-02
   2.8182057859834719e+00   3.6114424530820061e-02
   2.8958393518912238e+00   3.0686429537637751e-02
   2.9739152079372491e+00   2.5846153937031408e-02
   3.0516444535904537e+00   2.1654768077011981e-02
   3.1260242474360425e+00   1.8234104407503324e-02
   3.1944135220315175e+00   1.5589847583967385e-02
   3.2587553120623869e+00   1.3519252069448096e-02
   3.3237284681243877e+00   1.1804326454855893e-02
   3.3937715020560759e+00   1.0326180976928102e-02
   3.4715980933027049e+00   9.0579099362026478e-03
   3.5566992383663401e+00   8.0225985391673155e-03
   3.6457313681498293e+00   7.2275221005003443e-03
   3.7355764598161016e+00   6.6328807424802889e-03
   3.8249131779386083e+00   6.1800795086538489e-03
   3.9136007415378873e+00   5.8194764065857439e-03
   4.0019307366084149e+00   5.5163354766265002e-03
   4.0902634107297224e+00   5.2480276943213224e-03
   4.1789036468735867e+00   5.0003110650896059e-03
   4.2680725214017281e+00   4.7645285875062065e-03
   4.3579112158749931e+00   4.5357144561003404e-03
   4.4484955626564435e+00   4.3113236989647868e-03
   4.5398517430129912e+00   4.0903681523144428e-03
   4.6319706796695295e+00   3.8728191718234929e-03
   4.7248198643375989e+00   3.6591943138887880e-03
   4.8183525164727881e+00   3.4502751776253194e-03
   4.9125144130996832e+00   3.2469205877118323e-03
   5.0072486811752972e+00   3.0499492874083880e-03
   5.1024990413456539e+00   2.8600721252828431e-03
   5.1982118389720302e+00   2.6778588033494937e-03
   5.2943372147404215e+00   2.5037276358537905e-03
   5.3908296371755124e+00   2.3379499045823346e-03
   5.4876480823007823e+00   2.1806625789211097e-03
   5.5847559106870106e+00   2.0318853787321817e-03
   5.6821206119755141e+00   1.8915392775640599e-03
   5.7797134803258539e+00   1.7594647237323079e-03
   5.8775092376497087e+00   1.6354386056626504e-03
   5.9754856721341367e+00   1.5191893850730110e-03
   6.0736232839735349e+00   1.4104102376978627e-03
   6.1719049583651664e+00   1.3087701898055024e-03
   6.2703156709593557e+00   1.2139233710191058e-03
   6.3688422217056733e+00   1.1255165702589653e-03
   6.4674730016770265e+00   1.0431952947628266e-03
   6.5661977869131718e+00   9.6660854403429709e-04
   6.6650075587940432e+00   8.9541249364339499e-04
   6.7638943483864287e+00   8.2927326844534608e-04
   6.8628511006855621e+00   7.6786896492780097e-04
   6.9618715573339509e+00   7.1089105971994671e-04
   7.0609501552631464e+00   6.5804532232125032e-04
   7.1600819388789070e+00   6.0905233166687345e-04
   7.2592624843924325e+00   5.6364767949860454e-04
   7.3584878337197965e+00   5.2158192998851829e-04
   7.4577544382899754e+00   4.8262036682099102e-04
   7.5570591095044710e+00   4.4654272585180327e-04
   7.6563989756927366e+00   4.1314256682343402e-04
   7.7557714456743572e+00   3.8222683512763837e-04
   7.8551741773005066e+00   3.5361524023263006e-04
   7.9546050466382727e+00   3.2713963330397903e-04
   8.0540621260203409e+00   3.0264336901888089e-04
   8.1535436639462429e+00   2.7998066555387339e-04
   8.2530480621942157e+00   2.5901597244848938e-04
   8.3525738640507363e+00   2.3962334990823301e-04
   8.4521197430939949e+00   2.2168586735450325e-04
   8.5516844872859163e+00   2.0509502539587781e-04
   8.6512670033072308e+00   1.8975019936126912e-04
   8.7508663429850291e+00   1.7555810721154935e-04
   8.8504818495053357e+00   1.6243229150530577e-04
   8.9501141269745101e+00   1.5029254063313215e-04
   9.0498175806143006e+00   1.3905880070078983e-04
   9.1494795012134205e+00   1.2867506456629247e-04
